ssh://TianJiaXu@219.228.60.69:22/home/TianJiaXu/anaconda3/envs/rlpy37/bin/python3.7 -u /home/TianJiaXu/RL2/verify/b2/b2_Tanh_2_20_p7.py
2022-05-16-09_35_38
1000
2000
3000
4000
5000
6000
7000
8000
9000
10000
11000
12000
13000
14000
15000
16000
17000
18000
19000
20000
21000
22000
23000
24000
25000
26000
27000
28000
29000
30000
31000
32000
33000
34000
35000
36000
37000
38000
39000
40000
41000
42000
43000
44000
45000
46000
47000
48000
49000
50000
51000
52000
53000
54000
55000
56000
57000
58000
59000
60000
61000
62000
63000
64000
65000
66000
67000
68000
69000
70000
71000
72000
73000
74000
75000
76000
77000
78000
79000
80000
81000
82000
83000
84000
85000
86000
87000
88000
89000
90000
91000
92000
93000
94000
95000
96000
97000
98000
99000
100000
101000
102000
103000
104000
105000
106000
107000
108000
109000
110000
111000
112000
113000
114000
115000
116000
117000
118000
119000
120000
121000
122000
123000
124000
125000
126000
127000
128000
129000
130000
131000
132000
133000
134000
135000
136000
137000
138000
139000
140000
141000
142000
143000
144000
145000
146000
147000
148000
149000
150000
151000
152000
153000
154000
155000
156000
157000
158000
159000
160000
161000
162000
163000
164000
165000
166000
167000
168000
169000
170000
171000
172000
173000
174000
175000
176000
177000
178000
179000
180000
181000
182000
183000
184000
185000
186000
187000
188000
189000
190000
191000
192000
193000
194000
195000
196000
197000
198000
199000
200000
201000
202000
203000
204000
205000
206000
207000
208000
209000
210000
211000
212000
213000
214000
215000
216000
217000
218000
219000
220000
221000
222000
223000
224000
225000
226000
227000
228000
229000
230000
231000
232000
233000
234000
235000
236000
237000
238000
239000
240000
241000
242000
243000
244000
245000
246000
247000
248000
249000
250000
number of states in rtree 250000
2022-05-16-09_35_46
0 :  -300 150
1 :  -890 146
2 :  -682 42
3 :  -670 36
4 :  -650 26
5 :  -648 25
6 :  -652 27
7 :  -646 24
8 :  -640 21
9 :  -630 16
10 :  -632 17
11 :  -630 16
12 :  -634 18
13 :  -630 16
14 :  -630 16
15 :  -626 14
16 :  -632 17
17 :  -624 13
18 :  -628 15
19 :  -628 15
20 :  -628 15
21 :  -624 13
22 :  -632 17
23 :  -636 19
24 :  -632 17
25 :  -644 23
26 :  -640 21
27 :  -656 29
28 :  -656 29
29 :  -726 64
30 :  -300 150
31 :  -126 63
32 :  -90 45
33 :  -78 39
34 :  -66 33
35 :  -58 29
36 :  -52 26
37 :  -50 25
38 :  -50 25
39 :  -46 23
40 :  -300 150
41 :  -300 150
42 :  -300 150
43 :  -300 150
44 :  -300 150
45 :  -300 150
46 :  -300 150
47 :  -300 150
48 :  -300 150
49 :  -300 150
50 :  -300 150
51 :  -300 150
52 :  -300 150
53 :  -814 108
54 :  -636 19
55 :  -632 17
56 :  -632 17
57 :  -628 15
58 :  -630 16
59 :  -630 16
60 :  -628 15
61 :  -628 15
62 :  -626 14
63 :  -628 15
64 :  -628 15
65 :  -628 15
66 :  -628 15
67 :  -626 14
68 :  -628 15
69 :  -626 14
70 :  -626 14
71 :  -626 14
72 :  -626 14
73 :  -626 14
74 :  -626 14
75 :  -626 14
76 :  -624 13
77 :  -626 14
78 :  -626 14
79 :  -626 14
80 :  -626 14
81 :  -626 14
82 :  -626 14
83 :  -626 14
84 :  -624 13
85 :  -624 13
86 :  -624 13
87 :  -626 14
88 :  -626 14
89 :  -624 13
90 :  -626 14
91 :  -626 14
92 :  -626 14
93 :  -626 14
94 :  -624 13
95 :  -624 13
96 :  -626 14
97 :  -624 13
98 :  -624 13
99 :  -624 13
100 :  -626 14
101 :  -624 13
102 :  -624 13
103 :  -626 14
104 :  -624 13
105 :  -626 14
106 :  -624 13
107 :  -626 14
108 :  -626 14
109 :  -624 13
110 :  -624 13
111 :  -626 14
112 :  -624 13
113 :  -624 13
114 :  -626 14
115 :  -624 13
116 :  -626 14
117 :  -624 13
118 :  -624 13
119 :  -624 13
120 :  -624 13
121 :  -626 14
122 :  -624 13
123 :  -626 14
124 :  -626 14
125 :  -624 13
126 :  -624 13
127 :  -624 13
128 :  -626 14
129 :  -626 14
130 :  -626 14
131 :  -624 13
132 :  -626 14
133 :  -624 13
134 :  -624 13
135 :  -626 14
136 :  -626 14
137 :  -628 15
138 :  -626 14
139 :  -628 15
140 :  -300 150
141 :  -300 150
142 :  -300 150
143 :  -300 150
144 :  -300 150
145 :  -300 150
146 :  -300 150
147 :  -300 150
148 :  -300 150
149 :  -300 150
150 :  -300 150
151 :  -26 13
152 :  -26 13
153 :  -300 150
154 :  -26 13
155 :  -26 13
156 :  -26 13
157 :  -26 13
/home/TianJiaXu/RL2/abstract/b2/b2_abs-critic-target.pt loaded.
number of initial states: 484
550 550 depth 0 0.21205878257751465   0.20525884628295898 increase 549
587 587 depth 1 0.029841184616088867   0.028775691986083984 increase 37
609 609 depth 2 0.01689767837524414   0.016288280487060547 increase 22
622 622 depth 3 0.010187387466430664   0.009818315505981445 increase 13
633 633 depth 4 0.00597071647644043   0.005735158920288086 increase 11
639 639 depth 5 0.004679679870605469   0.004501819610595703 increase 6
644 644 depth 6 0.0027456283569335938   0.002628803253173828 increase 5
648 648 depth 7 0.0021097660064697266   0.002021312713623047 increase 4
654 654 depth 8 0.0018999576568603516   0.001811981201171875 increase 6
659 659 depth 9 0.0025506019592285156   0.0024445056915283203 increase 5
665 665 depth 10 0.0023283958435058594   0.0022301673889160156 increase 6
670 670 depth 11 0.0027365684509277344   0.002626657485961914 increase 5
676 676 depth 12 0.0021691322326660156   0.002072572708129883 increase 6
681 681 depth 13 0.002635478973388672   0.0025260448455810547 increase 5
687 687 depth 14 0.0021889209747314453   0.002074003219604492 increase 6
692 692 depth 15 0.0026116371154785156   0.002503633499145508 increase 5
698 698 depth 16 0.002168416976928711   0.0020711421966552734 increase 6
703 703 depth 17 0.0025916099548339844   0.0024878978729248047 increase 5
709 709 depth 18 0.002333402633666992   0.0022325515747070312 increase 6
714 714 depth 19 0.0026197433471679688   0.0025131702423095703 increase 5
720 720 depth 20 0.0022885799407958984   0.0021882057189941406 increase 6
725 725 depth 21 0.0025908946990966797   0.002482891082763672 increase 5
731 731 depth 22 0.002279996871948242   0.002170085906982422 increase 6
736 736 depth 23 0.002665281295776367   0.00255584716796875 increase 5
742 742 depth 24 0.002195596694946289   0.002097606658935547 increase 6
747 747 depth 25 0.0026454925537109375   0.0025415420532226562 increase 5
753 753 depth 26 0.0022439956665039062   0.002148151397705078 increase 6
760 760 depth 27 0.0027239322662353516   0.0026073455810546875 increase 7
765 765 depth 28 0.003515005111694336   0.0033936500549316406 increase 5
772 772 depth 29 0.002280712127685547   0.0021736621856689453 increase 7
777 777 depth 30 0.002941131591796875   0.0028281211853027344 increase 5
784 784 depth 31 0.002217531204223633   0.0021126270294189453 increase 7
791 791 depth 32 0.0031189918518066406   0.002992868423461914 increase 7
796 796 depth 33 0.0029168128967285156   0.002801179885864258 increase 5
803 803 depth 34 0.002228260040283203   0.0021228790283203125 increase 7
810 810 depth 35 0.0030684471130371094   0.0029404163360595703 increase 7
816 816 depth 36 0.003164529800415039   0.003039836883544922 increase 6
823 823 depth 37 0.002718210220336914   0.002593994140625 increase 7
830 830 depth 38 0.0030815601348876953   0.0029544830322265625 increase 7
838 838 depth 39 0.0031397342681884766   0.003003835678100586 increase 8
844 844 depth 40 0.003456592559814453   0.003319263458251953 increase 6
851 851 depth 41 0.002634286880493164   0.0025177001953125 increase 7
859 859 depth 42 0.003103971481323242   0.0029714107513427734 increase 8
867 867 depth 43 0.003572702407836914   0.0034241676330566406 increase 8
875 875 depth 44 0.0035622119903564453   0.0034170150756835938 increase 8
881 881 depth 45 0.003263235092163086   0.003130674362182617 increase 6
889 889 depth 46 0.002758026123046875   0.0026328563690185547 increase 8
897 897 depth 47 0.003537416458129883   0.0033905506134033203 increase 8
905 905 depth 48 0.0035359859466552734   0.003390789031982422 increase 8
913 913 depth 49 0.0035033226013183594   0.0033559799194335938 increase 8
921 921 depth 50 0.003354310989379883   0.0032074451446533203 increase 8
930 930 depth 51 0.003501415252685547   0.0033502578735351562 increase 9
939 939 depth 52 0.004027605056762695   0.0038514137268066406 increase 9
948 948 depth 53 0.0039751529693603516   0.0038061141967773438 increase 9
957 957 depth 54 0.003870725631713867   0.0037050247192382812 increase 9
966 966 depth 55 0.004063606262207031   0.003724336624145508 increase 9
976 976 depth 56 0.0038924217224121094   0.0037229061126708984 increase 10
986 986 depth 57 0.004279375076293945   0.004097700119018555 increase 10
996 996 depth 58 0.004851102828979492   0.004667043685913086 increase 10
1006 1006 depth 59 0.004207134246826172   0.004010200500488281 increase 10
1017 1017 depth 60 0.004542350769042969   0.004351615905761719 increase 11
1028 1028 depth 61 0.00479888916015625   0.004597902297973633 increase 11
1039 1039 depth 62 0.004648923873901367   0.004449367523193359 increase 11
1051 1051 depth 63 0.0048675537109375   0.004660606384277344 increase 12
1063 1063 depth 64 0.005177974700927734   0.004948139190673828 increase 12
1075 1075 depth 65 0.005128622055053711   0.0049097537994384766 increase 12
1088 1088 depth 66 0.0050928592681884766   0.004868745803833008 increase 13
1101 1101 depth 67 0.005550861358642578   0.005318403244018555 increase 13
1117 1117 depth 68 0.005679607391357422   0.005428791046142578 increase 16
1134 1134 depth 69 0.0068972110748291016   0.006597280502319336 increase 17
1153 1153 depth 70 0.007200956344604492   0.006876230239868164 increase 19
1174 1174 depth 71 0.008120536804199219   0.007761240005493164 increase 21
1197 1197 depth 72 0.008864164352416992   0.008472204208374023 increase 23
1222 1222 depth 73 0.00979924201965332   0.009337663650512695 increase 25
1248 1248 depth 74 0.010756731033325195   0.010247230529785156 increase 26
1275 1275 depth 75 0.010780572891235352   0.010299921035766602 increase 27
1304 1304 depth 76 0.011450052261352539   0.010948419570922852 increase 29
1334 1334 depth 77 0.012295246124267578   0.011761188507080078 increase 30
1365 1365 depth 78 0.012970924377441406   0.012418270111083984 increase 31
1400 1400 depth 79 0.013196706771850586   0.012566328048706055 increase 35
1439 1439 depth 80 0.014499902725219727   0.013849973678588867 increase 39
1481 1481 depth 81 0.016035795211791992   0.01531529426574707 increase 42
1517 1517 depth 82 0.014679908752441406   0.013456106185913086 increase 36
1542 1542 depth 83 0.010013818740844727   0.009488821029663086 increase 25
1562 1562 depth 84 0.00782012939453125   0.007428407669067383 increase 20
1578 1578 depth 85 0.006341457366943359   0.006024360656738281 increase 16
1590 1590 depth 86 0.00502777099609375   0.00478053092956543 increase 12
1599 1599 depth 87 0.003347158432006836   0.0031440258026123047 increase 9
1603 1603 depth 88 0.0018281936645507812   0.0017094612121582031 increase 4
1607 1607 depth 89 0.0017018318176269531   0.0016231536865234375 increase 4
1611 1611 depth 90 0.0017778873443603516   0.0016977787017822266 increase 4
1614 1614 depth 91 0.0013003349304199219   0.001226663589477539 increase 3
1617 1617 depth 92 0.0012888908386230469   0.0012278556823730469 increase 3
1619 1619 depth 93 0.0009162425994873047   0.0008649826049804688 increase 2
1621 1621 depth 94 0.0010173320770263672   0.0009744167327880859 increase 2
1622 1622 depth 95 0.0005307197570800781   0.0004982948303222656 increase 1
1622 1622 depth 96 1.621246337890625e-05   2.86102294921875e-06 increase 0
final_state_count:  1622
{'goal', 'safe'}
484 not(A(F(goal)))
CTL formula satisfied: not(A(F(goal))) 484 0
number of counterexamples： 1354
train time: 20.214815139770508 construct kripke structure: 0.7810649871826172 model checking: 0.04952883720397949
2022-05-16-09_36_07
2022-05-16-09_36_07
[-2.5, -2.5, 2.5, 2.5]
number of all states in rtree 250000
cnt1 1000
--------- 1354 248646 5416
number of states after refinement: 254062
0 :  -872 137
1 :  -722 62
2 :  -688 45
3 :  -668 35
4 :  -652 27
5 :  -662 32
6 :  -650 26
7 :  -650 26
8 :  -638 20
9 :  -648 25
10 :  -644 23
11 :  -642 22
12 :  -640 21
13 :  -644 23
14 :  -652 27
15 :  -650 26
16 :  -656 29
17 :  -686 44
18 :  -742 72
19 :  -300 150
20 :  -124 62
21 :  -96 48
22 :  -76 38
23 :  -70 35
24 :  -60 30
25 :  -60 30
26 :  -50 25
27 :  -50 25
28 :  -44 22
29 :  -300 150
30 :  -300 150
31 :  -300 150
32 :  -300 150
33 :  -300 150
34 :  -300 150
35 :  -300 150
36 :  -300 150
37 :  -300 150
38 :  -300 150
39 :  -300 150
40 :  -300 150
41 :  -300 150
42 :  -300 150
43 :  -300 150
44 :  -300 150
45 :  -300 150
46 :  -48 24
47 :  -46 23
48 :  -46 23
49 :  -44 22
50 :  -44 22
51 :  -44 22
52 :  -44 22
53 :  -42 21
54 :  -42 21
55 :  -40 20
56 :  -42 21
57 :  -40 20
58 :  -26 13
59 :  -26 13
60 :  -40 20
/home/TianJiaXu/RL2/abstract/b2/b2_abs-critic-target.pt loaded.
number of initial states: 1764
2457 2457 depth 0 0.6107237339019775   0.58833909034729 increase 2456
2676 2676 depth 1 0.22476911544799805   0.2165086269378662 increase 219
2853 2853 depth 2 0.0844118595123291   0.08110785484313965 increase 177
3009 3009 depth 3 0.06805062294006348   0.0653083324432373 increase 156
3160 3160 depth 4 0.05962967872619629   0.057141780853271484 increase 151
3314 3314 depth 5 0.05741286277770996   0.05496072769165039 increase 154
3469 3469 depth 6 0.05770158767700195   0.055220603942871094 increase 155
3615 3615 depth 7 0.057210683822631836   0.05478405952453613 increase 146
3749 3749 depth 8 0.053833961486816406   0.051549673080444336 increase 134
3876 3876 depth 9 0.048230648040771484   0.046155452728271484 increase 127
4010 4010 depth 10 0.04668569564819336   0.04464316368103027 increase 134
4151 4151 depth 11 0.04881691932678223   0.04663586616516113 increase 141
4276 4276 depth 12 0.04358839988708496   0.04156923294067383 increase 125
4382 4382 depth 13 0.03774213790893555   0.03597688674926758 increase 106
4484 4484 depth 14 0.03917288780212402   0.03750872611999512 increase 102
4570 4570 depth 15 0.03735041618347168   0.03579378128051758 increase 86
4639 4639 depth 16 0.0314481258392334   0.030162572860717773 increase 69
4693 4693 depth 17 0.02501678466796875   0.023993492126464844 increase 54
4720 4720 depth 18 0.01397562026977539   0.013331413269042969 increase 27
4728 4728 depth 19 0.0034437179565429688   0.002913951873779297 increase 8
4731 4731 depth 20 0.0010690689086914062   0.000990152359008789 increase 3
4731 4731 depth 21 2.3126602172851562e-05   4.5299530029296875e-06 increase 0
final_state_count:  4731
{'goal', 'safe'}
1764 not(A(F(goal)))
CTL formula not satisfied: not(A(F(goal))) 0 1764
number of counterexamples： 0
iteration : 1 False 0
refine: 12.361988544464111 train: 3.555309534072876 construct kripke structure: 1.7186839580535889 model checking: 0.04892683029174805
2022-05-16-09_36_25
reach goal [-0.2930243   0.11937878] 19
reach goal [-0.2815947   0.11643517] 19
reach goal [-0.29325065 -0.33808196] 12
reach goal [-0.27566904  0.11058922] 19
reach goal [-0.2946961 -0.3249556] 12
reach goal [-0.27810395  0.10557425] 19
reach goal [-0.2917426   0.12016618] 19
reach goal [-0.29585466 -0.3257073 ] 12
reach goal [-0.29609334  0.11934557] 19
reach goal [-0.29639733  0.12056149] 19
reach goal [-0.2809921   0.11449188] 19
reach goal [-0.26953074  0.11017415] 19
reach goal [-0.29932547 -0.32245088] 12
reach goal [-0.28763872 -0.34692082] 12
reach goal [-0.27801156  0.1154677 ] 19
reach goal [-0.29205614  0.12192426] 19
reach goal [-0.27587846  0.11226647] 19
reach goal [-0.27970192  0.11610933] 19
reach goal [-0.2713766   0.10730304] 19
reach goal [-0.279083    0.11710471] 19
reach goal [-0.29740152  0.12523898] 18
reach goal [-0.27518833  0.10910158] 19
reach goal [-0.29640454  0.12687224] 19
reach goal [-0.2817096   0.11408259] 19
reach goal [-0.28846025 -0.33688563] 12
reach goal [-0.28090942  0.11493641] 19
reach goal [-0.27967194  0.11458507] 19
reach goal [-0.2736918   0.10663819] 19
reach goal [-0.28801543 -0.34361246] 12
reach goal [-0.27950558  0.11718765] 19
reach goal [-0.297974    0.12570846] 19
reach goal [-0.27567315  0.11134535] 19
reach goal [-0.2889242   0.12070257] 19
reach goal [-0.27837315  0.11554037] 19
reach goal [-0.29667586 -0.3288348 ] 12
reach goal [-0.26938748  0.1105262 ] 19
reach goal [-0.29246616  0.12005954] 19
reach goal [-0.2904262   0.11967122] 19
reach goal [-0.29925892 -0.329205  ] 12
reach goal [-0.28980762  0.12055901] 19
reach goal [-0.27257884  0.10508939] 19
reach goal [-0.27524802  0.10872078] 19
reach goal [-0.28117323  0.11409843] 19
reach goal [-0.29561797  0.12128939] 19
reach goal [-0.29257476  0.12179609] 19
reach goal [-0.29855254  0.12469518] 18
reach goal [-0.29227868  0.12301377] 19
reach goal [-0.29241887  0.11921216] 19
reach goal [-0.29302216 -0.33857453] 12
reach goal [-0.28056842  0.11555153] 19
reach goal [-0.2968935  -0.32773104] 12
reach goal [-0.2694654   0.10938516] 19
reach goal [-0.28776044 -0.3469384 ] 12
reach goal [-0.28132033  0.11442307] 19
reach goal [-0.29571712  0.12026767] 18
reach goal [-0.2956595   0.11946168] 19
reach goal [-0.29228136  0.12141124] 19
reach goal [-0.2868576  -0.34579077] 12
reach goal [-0.29916033  0.12715809] 18
reach goal [-0.2854794  -0.34127548] 12
reach goal [-0.27487922  0.10801901] 19
reach goal [-0.29927668 -0.3175366 ] 12
reach goal [-0.29666018  0.12255748] 18
reach goal [-0.27627417  0.11120404] 19
reach goal [-0.29686132  0.12532921] 19
reach goal [-0.2917352   0.12191854] 19
reach goal [-0.28166264  0.11431128] 19
reach goal [-0.29694024  0.12581606] 19
reach goal [-0.29479015  0.12190198] 19
reach goal [-0.29863426 -0.32013565] 12
reach goal [-0.27860856  0.11632888] 19
reach goal [-0.29921603  0.12769958] 19
reach goal [-0.28996733  0.11974638] 19
reach goal [-0.27836594  0.1174511 ] 19
reach goal [-0.29677707  0.1259963 ] 19
reach goal [-0.2936569   0.12303462] 19
reach goal [-0.27212352  0.10738726] 19
reach goal [-0.27475855  0.11251168] 19
reach goal [-0.27737814  0.11027089] 19
reach goal [-0.27005908  0.10933068] 19
reach goal [-0.26982456  0.10851586] 19
reach goal [-0.28011853  0.11568569] 19
reach goal [-0.27833018  0.11433963] 19
reach goal [-0.27139068  0.10769041] 19
reach goal [-0.29618505  0.12139746] 19
reach goal [-0.29161122  0.12175301] 19
reach goal [-0.28680086 -0.34207085] 12
reach goal [-0.2769693   0.10338955] 19
reach goal [-0.28985775  0.12074331] 19
reach goal [-0.2965745  -0.32289204] 12
reach goal [-0.2867721  -0.33962902] 12
reach goal [-0.29073402 -0.33781177] 12
reach goal [-0.29256222  0.12179855] 19
reach goal [-0.27440518  0.11137418] 19
reach goal [-0.27530503  0.10741217] 19
reach goal [-0.28930423 -0.33670086] 12
reach goal [-0.28984663  0.12304857] 19
reach goal [-0.27323115  0.10797313] 19
reach goal [-0.29253972 -0.33105615] 12
reach goal [-0.28739768 -0.34621832] 12
avg reward:  -34.68

Process finished with exit code 0
