ssh://TianJiaXu@219.228.60.69:22/home/TianJiaXu/anaconda3/envs/rlpy37/bin/python3.7 -u /home/TianJiaXu/RL2/verify/b2/b2_Tanh_2_20_p8.py
2022-05-16-09_38_47
1000
2000
3000
4000
5000
6000
7000
8000
9000
10000
11000
12000
13000
14000
15000
16000
17000
18000
19000
20000
21000
22000
23000
24000
25000
26000
27000
28000
29000
30000
31000
32000
33000
34000
35000
36000
37000
38000
39000
40000
41000
42000
43000
44000
45000
46000
47000
48000
49000
50000
51000
52000
53000
54000
55000
56000
57000
58000
59000
60000
61000
62000
63000
64000
65000
66000
67000
68000
69000
70000
71000
72000
73000
74000
75000
76000
77000
78000
79000
80000
81000
82000
83000
84000
85000
86000
87000
88000
89000
90000
91000
92000
93000
94000
95000
96000
97000
98000
99000
100000
101000
102000
103000
104000
105000
106000
107000
108000
109000
110000
111000
112000
113000
114000
115000
116000
117000
118000
119000
120000
121000
122000
123000
124000
125000
126000
127000
128000
129000
130000
131000
132000
133000
134000
135000
136000
137000
138000
139000
140000
141000
142000
143000
144000
145000
146000
147000
148000
149000
150000
151000
152000
153000
154000
155000
156000
157000
158000
159000
160000
161000
162000
163000
164000
165000
166000
167000
168000
169000
170000
171000
172000
173000
174000
175000
176000
177000
178000
179000
180000
181000
182000
183000
184000
185000
186000
187000
188000
189000
190000
191000
192000
193000
194000
195000
196000
197000
198000
199000
200000
201000
202000
203000
204000
205000
206000
207000
208000
209000
210000
211000
212000
213000
214000
215000
216000
217000
218000
219000
220000
221000
222000
223000
224000
225000
226000
227000
228000
229000
230000
231000
232000
233000
234000
235000
236000
237000
238000
239000
240000
241000
242000
243000
244000
245000
246000
247000
248000
249000
250000
number of states in rtree 250000
2022-05-16-09_38_54
0 :  -728 65
1 :  -842 122
2 :  -300 150
3 :  -192 96
4 :  -152 76
5 :  -108 54
6 :  -96 48
7 :  -88 44
8 :  -82 41
9 :  -74 37
10 :  -68 34
11 :  -60 30
12 :  -62 31
13 :  -54 27
14 :  -56 28
15 :  -52 26
16 :  -50 25
17 :  -46 23
18 :  -46 23
19 :  -44 22
20 :  -300 150
21 :  -300 150
22 :  -300 150
23 :  -300 150
24 :  -300 150
25 :  -300 150
26 :  -300 150
27 :  -76 38
28 :  -72 36
29 :  -70 35
30 :  -68 34
31 :  -66 33
32 :  -62 31
33 :  -62 31
34 :  -60 30
35 :  -56 28
36 :  -56 28
37 :  -54 27
38 :  -30 15
39 :  -32 16
40 :  -30 15
41 :  -30 15
42 :  -30 15
43 :  -28 14
44 :  -30 15
45 :  -30 15
46 :  -28 14
47 :  -28 14
48 :  -28 14
49 :  -28 14
50 :  -28 14
/home/TianJiaXu/RL2/abstract/b2/b2_abs-critic-target.pt loaded.
number of initial states: 484
550 550 depth 0 0.18294191360473633   0.17666292190551758 increase 549
587 587 depth 1 0.025709867477416992   0.024748563766479492 increase 37
609 609 depth 2 0.014566421508789062   0.014012813568115234 increase 22
622 622 depth 3 0.008698701858520508   0.008361577987670898 increase 13
633 633 depth 4 0.005149364471435547   0.004930257797241211 increase 11
639 639 depth 5 0.004090070724487305   0.003922939300537109 increase 6
644 644 depth 6 0.0023605823516845703   0.0022470951080322266 increase 5
648 648 depth 7 0.0018279552459716797   0.001741170883178711 increase 4
654 654 depth 8 0.0016372203826904297   0.0015513896942138672 increase 6
659 659 depth 9 0.002216339111328125   0.002112150192260742 increase 5
665 665 depth 10 0.002002716064453125   0.001911163330078125 increase 6
670 670 depth 11 0.0023441314697265625   0.002240419387817383 increase 5
676 676 depth 12 0.0018699169158935547   0.0017800331115722656 increase 6
681 681 depth 13 0.0022649765014648438   0.0021657943725585938 increase 5
687 687 depth 14 0.0018928050994873047   0.0017881393432617188 increase 6
692 692 depth 15 0.0022783279418945312   0.002172231674194336 increase 5
698 698 depth 16 0.0018842220306396484   0.001789093017578125 increase 6
703 703 depth 17 0.0022568702697753906   0.0021529197692871094 increase 5
709 709 depth 18 0.0020112991333007812   0.001912832260131836 increase 6
714 714 depth 19 0.002250194549560547   0.002149820327758789 increase 5
720 720 depth 20 0.0019609928131103516   0.001865386962890625 increase 6
725 725 depth 21 0.0022368431091308594   0.0021369457244873047 increase 5
731 731 depth 22 0.001959085464477539   0.0018510818481445312 increase 6
736 736 depth 23 0.002298593521118164   0.002197742462158203 increase 5
742 742 depth 24 0.0018968582153320312   0.0018048286437988281 increase 6
747 747 depth 25 0.0023093223571777344   0.0022118091583251953 increase 5
753 753 depth 26 0.001926422119140625   0.0018374919891357422 increase 6
760 760 depth 27 0.0023484230041503906   0.0022389888763427734 increase 7
765 765 depth 28 0.0026161670684814453   0.0025064945220947266 increase 5
772 772 depth 29 0.001966714859008789   0.0018694400787353516 increase 7
777 777 depth 30 0.002543210983276367   0.002435445785522461 increase 5
784 784 depth 31 0.0019338130950927734   0.0018296241760253906 increase 7
791 791 depth 32 0.0026426315307617188   0.0025262832641601562 increase 7
796 796 depth 33 0.0025682449340820312   0.002458333969116211 increase 5
803 803 depth 34 0.0019466876983642578   0.0018434524536132812 increase 7
810 810 depth 35 0.0026702880859375   0.0025451183319091797 increase 7
816 816 depth 36 0.0027358531951904297   0.0026159286499023438 increase 6
823 823 depth 37 0.0023827552795410156   0.002254962921142578 increase 7
830 830 depth 38 0.0026679039001464844   0.0025479793548583984 increase 7
838 838 depth 39 0.0027151107788085938   0.0025832653045654297 increase 8
844 844 depth 40 0.0030024051666259766   0.0028679370880126953 increase 6
851 851 depth 41 0.002260923385620117   0.002142190933227539 increase 7
859 859 depth 42 0.0027060508728027344   0.0025768280029296875 increase 8
867 867 depth 43 0.003123760223388672   0.0029850006103515625 increase 8
875 875 depth 44 0.003124713897705078   0.002989530563354492 increase 8
881 881 depth 45 0.0028505325317382812   0.0027234554290771484 increase 6
889 889 depth 46 0.002367734909057617   0.002245664596557617 increase 8
897 897 depth 47 0.0030694007873535156   0.0029222965240478516 increase 8
905 905 depth 48 0.003072500228881836   0.002933025360107422 increase 8
913 913 depth 49 0.0030531883239746094   0.002913236618041992 increase 8
921 921 depth 50 0.002915620803833008   0.002775907516479492 increase 8
930 930 depth 51 0.003056764602661133   0.002910137176513672 increase 9
939 939 depth 52 0.003493785858154297   0.0033254623413085938 increase 9
948 948 depth 53 0.003437519073486328   0.0032761096954345703 increase 9
957 957 depth 54 0.0033729076385498047   0.003216981887817383 increase 9
966 966 depth 55 0.0035271644592285156   0.003220081329345703 increase 9
976 976 depth 56 0.0033898353576660156   0.00322723388671875 increase 10
986 986 depth 57 0.003730297088623047   0.003557920455932617 increase 10
996 996 depth 58 0.003733396530151367   0.003561258316040039 increase 10
1006 1006 depth 59 0.003677845001220703   0.0034935474395751953 increase 10
1017 1017 depth 60 0.003872394561767578   0.0036940574645996094 increase 11
1028 1028 depth 61 0.004148244857788086   0.003957033157348633 increase 11
1039 1039 depth 62 0.004039764404296875   0.0038466453552246094 increase 11
1051 1051 depth 63 0.004206180572509766   0.0040090084075927734 increase 12
1063 1063 depth 64 0.004506587982177734   0.00428009033203125 increase 12
1075 1075 depth 65 0.004427671432495117   0.004227876663208008 increase 12
1088 1088 depth 66 0.0044515132904052734   0.0042459964752197266 increase 13
1101 1101 depth 67 0.004845380783081055   0.0046253204345703125 increase 13
1117 1117 depth 68 0.0049512386322021484   0.0047168731689453125 increase 16
1134 1134 depth 69 0.005965709686279297   0.005701780319213867 increase 17
1153 1153 depth 70 0.00622105598449707   0.0059337615966796875 increase 19
1174 1174 depth 71 0.007027149200439453   0.006710052490234375 increase 21
1197 1197 depth 72 0.0076847076416015625   0.007336139678955078 increase 23
1222 1222 depth 73 0.008453130722045898   0.008053302764892578 increase 25
1248 1248 depth 74 0.009218931198120117   0.008797645568847656 increase 26
1275 1275 depth 75 0.009394407272338867   0.008969306945800781 increase 27
1304 1304 depth 76 0.009873151779174805   0.00942683219909668 increase 29
1334 1334 depth 77 0.010579109191894531   0.010109663009643555 increase 30
1365 1365 depth 78 0.011144638061523438   0.010654926300048828 increase 31
1400 1400 depth 79 0.011386394500732422   0.01081991195678711 increase 35
1439 1439 depth 80 0.012586116790771484   0.012009143829345703 increase 39
1481 1481 depth 81 0.013826370239257812   0.013190984725952148 increase 42
1517 1517 depth 82 0.012166500091552734   0.01157069206237793 increase 36
1542 1542 depth 83 0.008621692657470703   0.008163928985595703 increase 25
1562 1562 depth 84 0.00670170783996582   0.00636601448059082 increase 20
1578 1578 depth 85 0.005461215972900391   0.0051844120025634766 increase 16
1590 1590 depth 86 0.004354000091552734   0.00413203239440918 increase 12
1599 1599 depth 87 0.002866029739379883   0.0026886463165283203 increase 9
1603 1603 depth 88 0.0015692710876464844   0.0014700889587402344 increase 4
1607 1607 depth 89 0.0014486312866210938   0.0013806819915771484 increase 4
1611 1611 depth 90 0.0015044212341308594   0.0014357566833496094 increase 4
1614 1614 depth 91 0.0011265277862548828   0.0010669231414794922 increase 3
1617 1617 depth 92 0.0010967254638671875   0.0010437965393066406 increase 3
1619 1619 depth 93 0.0007822513580322266   0.0007393360137939453 increase 2
1621 1621 depth 94 0.0008461475372314453   0.0008106231689453125 increase 2
1622 1622 depth 95 0.00044727325439453125   0.0004215240478515625 increase 1
1622 1622 depth 96 1.1682510375976562e-05   1.9073486328125e-06 increase 0
final_state_count:  1622
{'safe', 'goal'}
484 not(A(safe U goal) or A(G(safe)))
CTL formula not satisfied: not(A(safe U goal) or A(G(safe))) 0 484
number of counterexamples： 0
train time: 2.2204203605651855 construct kripke structure: 0.6173136234283447 model checking: 0.057464599609375
2022-05-16-09_38_57
reach goal [-0.08490957 -0.3293684 ] 13
reach goal [-0.09586816 -0.32314116] 13
reach goal [-0.08694107 -0.3288857 ] 13
reach goal [-0.09887816 -0.3162505 ] 13
reach goal [-0.0932567  -0.32657138] 13
reach goal [-0.09572697 -0.32294124] 13
reach goal [-0.10383863 -0.31780356] 13
reach goal [-0.07311235 -0.3413923 ] 13
reach goal [-0.1296345  -0.29579917] 14
reach goal [-0.08101163 -0.33474383] 13
reach goal [-0.07462404 -0.3367303 ] 13
reach goal [-0.06772285 -0.34568658] 13
reach goal [-0.05747975 -0.3479746 ] 12
reach goal [-0.12056889 -0.3041082 ] 13
reach goal [-0.09685993 -0.3240461 ] 13
reach goal [-0.07149807 -0.3393662 ] 13
reach goal [-0.11626801 -0.3031395 ] 13
reach goal [-0.10470586 -0.31477326] 13
reach goal [-0.108969  -0.3101644] 13
reach goal [-0.09985228 -0.31611702] 13
reach goal [-0.10520007 -0.31536013] 13
reach goal [-0.09743501 -0.32082015] 13
reach goal [-0.12583655 -0.29794556] 13
reach goal [-0.10817733 -0.31043473] 13
reach goal [-0.08167922 -0.33024195] 13
reach goal [-0.09664106 -0.32302475] 13
reach goal [-0.08679071 -0.3300334 ] 13
reach goal [-0.06404689 -0.34731072] 13
reach goal [-0.06037579 -0.34785786] 12
reach goal [-0.07563806 -0.33839345] 13
reach goal [-0.10875876 -0.31052485] 13
reach goal [-0.1093428  -0.31049266] 13
reach goal [-0.10175912 -0.3172686 ] 13
reach goal [-0.06222674 -0.34710604] 12
reach goal [-0.10532891 -0.31565443] 13
reach goal [-0.09421946 -0.3265695 ] 13
reach goal [-0.06274358 -0.34720334] 12
reach goal [-0.09856725 -0.31629896] 13
reach goal [-0.09177435 -0.32200032] 13
reach goal [-0.12022873 -0.30206597] 13
reach goal [-0.05856649 -0.34706622] 12
reach goal [-0.09819091 -0.32320374] 13
reach goal [-0.10326634 -0.315321  ] 13
reach goal [-0.09237501 -0.3257063 ] 13
reach goal [-0.08751915 -0.32735872] 13
reach goal [-0.093522  -0.3254549] 13
reach goal [-0.08290248 -0.3304813 ] 13
reach goal [-0.11748748 -0.30552846] 13
reach goal [-0.11037727 -0.30991074] 13
reach goal [-0.11012702 -0.31063336] 13
reach goal [-0.09216952 -0.32366952] 13
reach goal [-0.06124745 -0.3472576 ] 12
reach goal [-0.09066418 -0.32083517] 13
reach goal [-0.05965731 -0.3460942 ] 12
reach goal [-0.05793015 -0.34822425] 12
reach goal [-0.09094156 -0.32818687] 13
reach goal [-0.07454652 -0.34065962] 13
reach goal [-0.09563716 -0.32422873] 13
reach goal [-0.0614418  -0.34841987] 12
reach goal [-0.08178654 -0.33572838] 13
reach goal [-0.0992944  -0.32356167] 13
reach goal [-0.09474949 -0.32536986] 13
reach goal [-0.10460676 -0.3146356 ] 13
reach goal [-0.08782027 -0.32718703] 13
reach goal [-0.07010229 -0.34019074] 13
reach goal [-0.06196323 -0.34746262] 13
reach goal [-0.08382975 -0.33179745] 13
reach goal [-0.12559511 -0.2967691 ] 13
reach goal [-0.05952086 -0.3454911 ] 12
reach goal [-0.09799493 -0.3163257 ] 13
reach goal [-0.06750727 -0.34335932] 13
reach goal [-0.06087238 -0.34670785] 13
reach goal [-0.07965407 -0.3374726 ] 13
reach goal [-0.12377713 -0.29670206] 13
reach goal [-0.08537807 -0.33028075] 13
reach goal [-0.06909996 -0.3402466 ] 13
reach goal [-0.12590133 -0.296892  ] 13
reach goal [-0.09630199 -0.32411867] 13
reach goal [-0.10633036 -0.31177703] 13
reach goal [-0.1047399  -0.31524336] 13
reach goal [-0.08396548 -0.3342139 ] 13
reach goal [-0.12656017 -0.29401028] 13
reach goal [-0.12178068 -0.30089635] 13
reach goal [-0.06290278 -0.34621885] 12
reach goal [-0.07518963 -0.33806288] 13
reach goal [-0.10193327 -0.3171294 ] 13
reach goal [-0.09131645 -0.3250808 ] 13
reach goal [-0.07326047 -0.3411074 ] 13
reach goal [-0.12947908 -0.2958178 ] 14
reach goal [-0.12687731 -0.29859748] 13
reach goal [-0.08797766 -0.32722205] 13
reach goal [-0.0650215  -0.34624723] 13
reach goal [-0.06722002 -0.34580234] 13
reach goal [-0.10317305 -0.3173107 ] 13
reach goal [-0.11488416 -0.30509606] 13
reach goal [-0.0969899 -0.3235268] 13
reach goal [-0.06353868 -0.34573537] 13
reach goal [-0.08422051 -0.33007538] 13
reach goal [-0.12147927 -0.29586616] 13
reach goal [-0.09754284 -0.3237459 ] 13
avg reward:  -25.82

Process finished with exit code 0
