ssh://TianJiaXu@219.228.60.69:22/home/TianJiaXu/anaconda3/envs/rlpy37/bin/python3.7 -u /home/TianJiaXu/RL2/verify/b2/b2_Tanh_2_100_p8.py
2022-05-16-09_39_18
1000
2000
3000
4000
5000
6000
7000
8000
9000
10000
11000
12000
13000
14000
15000
16000
17000
18000
19000
20000
21000
22000
23000
24000
25000
26000
27000
28000
29000
30000
31000
32000
33000
34000
35000
36000
37000
38000
39000
40000
41000
42000
43000
44000
45000
46000
47000
48000
49000
50000
51000
52000
53000
54000
55000
56000
57000
58000
59000
60000
61000
62000
63000
64000
65000
66000
67000
68000
69000
70000
71000
72000
73000
74000
75000
76000
77000
78000
79000
80000
81000
82000
83000
84000
85000
86000
87000
88000
89000
90000
91000
92000
93000
94000
95000
96000
97000
98000
99000
100000
101000
102000
103000
104000
105000
106000
107000
108000
109000
110000
111000
112000
113000
114000
115000
116000
117000
118000
119000
120000
121000
122000
123000
124000
125000
126000
127000
128000
129000
130000
131000
132000
133000
134000
135000
136000
137000
138000
139000
140000
141000
142000
143000
144000
145000
146000
147000
148000
149000
150000
151000
152000
153000
154000
155000
156000
157000
158000
159000
160000
161000
162000
163000
164000
165000
166000
167000
168000
169000
170000
171000
172000
173000
174000
175000
176000
177000
178000
179000
180000
181000
182000
183000
184000
185000
186000
187000
188000
189000
190000
191000
192000
193000
194000
195000
196000
197000
198000
199000
200000
201000
202000
203000
204000
205000
206000
207000
208000
209000
210000
211000
212000
213000
214000
215000
216000
217000
218000
219000
220000
221000
222000
223000
224000
225000
226000
227000
228000
229000
230000
231000
232000
233000
234000
235000
236000
237000
238000
239000
240000
241000
242000
243000
244000
245000
246000
247000
248000
249000
250000
number of states in rtree 250000
2022-05-16-09_39_26
0 :  -618 10
1 :  -618 10
2 :  -618 10
3 :  -616 9
4 :  -620 11
5 :  -620 11
6 :  -630 16
7 :  -644 23
8 :  -190 95
9 :  -60 30
10 :  -46 23
11 :  -42 21
12 :  -38 19
13 :  -34 17
14 :  -32 16
15 :  -30 15
16 :  -32 16
17 :  -32 16
18 :  -32 16
19 :  -32 16
20 :  -30 15
21 :  -32 16
22 :  -32 16
23 :  -30 15
24 :  -62 31
25 :  -56 28
26 :  -54 27
27 :  -52 26
28 :  -52 26
29 :  -52 26
30 :  -52 26
31 :  -54 27
32 :  -56 28
33 :  -58 29
34 :  -300 150
35 :  -300 150
36 :  -300 150
37 :  -300 150
38 :  -300 150
39 :  -300 150
40 :  -300 150
41 :  -300 150
42 :  -300 150
43 :  -300 150
44 :  -300 150
45 :  -300 150
46 :  -300 150
47 :  -300 150
48 :  -300 150
49 :  -300 150
50 :  -300 150
51 :  -300 150
52 :  -300 150
53 :  -300 150
54 :  -300 150
55 :  -300 150
56 :  -300 150
57 :  -30 15
58 :  -300 150
59 :  -300 150
60 :  -300 150
61 :  -300 150
62 :  -300 150
63 :  -300 150
64 :  -300 150
65 :  -300 150
66 :  -300 150
67 :  -156 78
68 :  -28 14
69 :  -26 13
70 :  -28 14
71 :  -26 13
/home/TianJiaXu/RL2/abstract/b2/b2_abs-critic-target2.pt loaded.
number of initial states: 484
581 581 depth 0 0.21451973915100098   0.2077012062072754 increase 580
641 641 depth 1 0.04386281967163086   0.042289018630981445 increase 60
679 679 depth 2 0.024344682693481445   0.023426055908203125 increase 38
705 705 depth 3 0.014908313751220703   0.014342546463012695 increase 26
727 727 depth 4 0.01020956039428711   0.009815216064453125 increase 22
749 749 depth 5 0.008467912673950195   0.008120298385620117 increase 22
771 771 depth 6 0.00867915153503418   0.008330106735229492 increase 22
791 791 depth 7 0.008345365524291992   0.008004426956176758 increase 20
811 811 depth 8 0.007791042327880859   0.007463216781616211 increase 20
832 832 depth 9 0.008049964904785156   0.0077211856842041016 increase 21
851 851 depth 10 0.008131980895996094   0.007806539535522461 increase 19
872 872 depth 11 0.007263898849487305   0.006949663162231445 increase 21
894 894 depth 12 0.008089780807495117   0.00775146484375 increase 22
912 912 depth 13 0.008306026458740234   0.007978200912475586 increase 18
932 932 depth 14 0.006919145584106445   0.006623506546020508 increase 20
951 951 depth 15 0.007719755172729492   0.007402896881103516 increase 19
969 969 depth 16 0.007285594940185547   0.006847381591796875 increase 18
990 990 depth 17 0.006974935531616211   0.006670475006103516 increase 21
1011 1011 depth 18 0.008007287979125977   0.007670879364013672 increase 21
1032 1032 depth 19 0.008184194564819336   0.007847785949707031 increase 21
1054 1054 depth 20 0.00816965103149414   0.007831335067749023 increase 22
1076 1076 depth 21 0.00826406478881836   0.007912635803222656 increase 22
1099 1099 depth 22 0.008283138275146484   0.007928609848022461 increase 23
1122 1122 depth 23 0.008943557739257812   0.008574962615966797 increase 23
1146 1146 depth 24 0.00887918472290039   0.008510112762451172 increase 24
1170 1170 depth 25 0.008995771408081055   0.008616924285888672 increase 24
1195 1195 depth 26 0.009028911590576172   0.008640050888061523 increase 25
1221 1221 depth 27 0.009523630142211914   0.009111642837524414 increase 26
1249 1249 depth 28 0.009901762008666992   0.009464025497436523 increase 28
1278 1278 depth 29 0.010343313217163086   0.009892940521240234 increase 29
1306 1306 depth 30 0.010534524917602539   0.01008296012878418 increase 28
1337 1337 depth 31 0.010400772094726562   0.009950399398803711 increase 31
1368 1368 depth 32 0.01149749755859375   0.010973930358886719 increase 31
1402 1402 depth 33 0.011388540267944336   0.010884523391723633 increase 34
1439 1439 depth 34 0.012654781341552734   0.012098550796508789 increase 37
1477 1477 depth 35 0.013530731201171875   0.012932538986206055 increase 38
1518 1518 depth 36 0.013808012008666992   0.013186454772949219 increase 41
1562 1562 depth 37 0.06290221214294434   0.06216597557067871 increase 44
1610 1610 depth 38 0.016164064407348633   0.01539921760559082 increase 48
1659 1659 depth 39 0.01778388023376465   0.0169832706451416 increase 49
1712 1712 depth 40 0.018299579620361328   0.017459392547607422 increase 53
1747 1747 depth 41 0.012269258499145508   0.01159524917602539 increase 35
1775 1775 depth 42 0.009981632232666016   0.009482145309448242 increase 28
1797 1797 depth 43 0.008152961730957031   0.0077190399169921875 increase 22
1811 1811 depth 44 0.004906177520751953   0.004626750946044922 increase 14
1820 1820 depth 45 0.004169464111328125   0.003936052322387695 increase 9
1827 1827 depth 46 0.004009723663330078   0.0038154125213623047 increase 7
1834 1834 depth 47 0.00413823127746582   0.003960847854614258 increase 7
1840 1840 depth 48 0.00409388542175293   0.003920555114746094 increase 6
1846 1846 depth 49 0.003496408462524414   0.003341197967529297 increase 6
1851 1851 depth 50 0.0029942989349365234   0.0028562545776367188 increase 5
1856 1856 depth 51 0.0029320716857910156   0.002803802490234375 increase 5
1861 1861 depth 52 0.003006458282470703   0.0028748512268066406 increase 5
1864 1864 depth 53 0.0018894672393798828   0.0017991065979003906 increase 3
1867 1867 depth 54 0.0011980533599853516   0.0011413097381591797 increase 3
1869 1869 depth 55 0.0008893013000488281   0.0008447170257568359 increase 2
1871 1871 depth 56 0.0008304119110107422   0.0007929801940917969 increase 2
1872 1872 depth 57 0.0004489421844482422   0.0004222393035888672 increase 1
1872 1872 depth 58 1.0967254638671875e-05   1.6689300537109375e-06 increase 0
final_state_count:  1872
{'safe', 'goal'}
484 not(A(safe U goal) or A(G(safe)))
CTL formula not satisfied: not(A(safe U goal) or A(G(safe))) 0 484
number of counterexamples： 0
train time: 60.9418203830719 construct kripke structure: 0.8119566440582275 model checking: 0.062387943267822266
2022-05-16-09_40_28
reach goal [-0.22950447 -0.28500086] 12
reach goal [-0.24011736 -0.2661151 ] 13
reach goal [-0.20155618 -0.3208598 ] 12
reach goal [-0.24041307 -0.26542324] 13
reach goal [-0.23954183 -0.26815775] 13
reach goal [-0.21266487 -0.30506828] 12
reach goal [-0.2317045  -0.27696386] 12
reach goal [-0.22852798 -0.2784365 ] 12
reach goal [-0.23226745 -0.27739063] 12
reach goal [-0.23683445 -0.26729813] 13
reach goal [-0.21519205 -0.2992753 ] 12
reach goal [-0.19198743 -0.3358789 ] 12
reach goal [-0.1901416  -0.33478308] 12
reach goal [-0.2171905  -0.29917344] 12
reach goal [-0.22677171 -0.2841017 ] 12
reach goal [-0.18146923 -0.3442715 ] 12
reach goal [-0.21540996 -0.2994435 ] 12
reach goal [-0.18843472 -0.3340181 ] 12
reach goal [-0.20677003 -0.31147796] 12
reach goal [-0.23598252 -0.2718859 ] 12
reach goal [-0.238626   -0.26750037] 13
reach goal [-0.18080485 -0.34217784] 12
reach goal [-0.21672185 -0.30399397] 12
reach goal [-0.24725898 -0.2570835 ] 13
reach goal [-0.2218486  -0.29127222] 12
reach goal [-0.1925706  -0.33517897] 12
reach goal [-0.20973688 -0.30883053] 12
reach goal [-0.23747623 -0.26821068] 13
reach goal [-0.22660851 -0.28578416] 12
reach goal [-0.20291615 -0.31411093] 12
reach goal [-0.21628927 -0.30215487] 12
reach goal [-0.22675744 -0.28518906] 12
reach goal [-0.22507265 -0.28793004] 12
reach goal [-0.21422055 -0.3025655 ] 12
reach goal [-0.18600988 -0.33731604] 12
reach goal [-0.19754717 -0.32292935] 12
reach goal [-0.21449213 -0.30593243] 12
reach goal [-0.22772542 -0.2759296 ] 12
reach goal [-0.19955315 -0.32396436] 12
reach goal [-0.23704183 -0.26583174] 12
reach goal [-0.23180532 -0.2769797 ] 12
reach goal [-0.23792781 -0.2672204 ] 13
reach goal [-0.23154938 -0.27645245] 12
reach goal [-0.20087686 -0.31952304] 12
reach goal [-0.20114794 -0.3221932 ] 12
reach goal [-0.21422844 -0.29788962] 12
reach goal [-0.19426158 -0.33609915] 12
reach goal [-0.19746539 -0.3225808 ] 12
reach goal [-0.20407893 -0.31429178] 12
reach goal [-0.22985691 -0.27589872] 12
reach goal [-0.18753913 -0.33505797] 12
reach goal [-0.21130714 -0.3058447 ] 12
reach goal [-0.21868217 -0.2937068 ] 12
reach goal [-0.19427833 -0.3248069 ] 12
reach goal [-0.2104193  -0.30398235] 12
reach goal [-0.19434962 -0.32386124] 12
reach goal [-0.18322416 -0.3415011 ] 12
reach goal [-0.222628   -0.28774044] 12
reach goal [-0.23426062 -0.270443  ] 12
reach goal [-0.18937248 -0.3355319 ] 12
reach goal [-0.24551617 -0.25546595] 13
reach goal [-0.23382036 -0.26651725] 12
reach goal [-0.20121507 -0.32112348] 12
reach goal [-0.21976005 -0.29404357] 12
reach goal [-0.23352039 -0.2683355 ] 12
reach goal [-0.18501489 -0.34120962] 12
reach goal [-0.23286441 -0.28135994] 12
reach goal [-0.18784419 -0.33565313] 12
reach goal [-0.22049148 -0.2938729 ] 12
reach goal [-0.23735067 -0.2657486 ] 13
reach goal [-0.20329349 -0.3117144 ] 12
reach goal [-0.2156699 -0.2968887] 12
reach goal [-0.23773122 -0.2669809 ] 13
reach goal [-0.23675913 -0.27006808] 12
reach goal [-0.18556055 -0.33838865] 12
reach goal [-0.23668417 -0.2674717 ] 13
reach goal [-0.21605888 -0.29900733] 12
reach goal [-0.18662627 -0.33757192] 12
reach goal [-0.21121332 -0.30592346] 12
reach goal [-0.1994977 -0.3228754] 12
reach goal [-0.20924807 -0.30930057] 12
reach goal [-0.17573941 -0.34899667] 12
reach goal [-0.2351625  -0.27626735] 12
reach goal [-0.19765092 -0.32517844] 12
reach goal [-0.23894927 -0.26616165] 13
reach goal [-0.2430015  -0.26040778] 13
reach goal [-0.18289267 -0.33886203] 12
reach goal [-0.20371078 -0.31566453] 12
reach goal [-0.19204427 -0.3312085 ] 12
reach goal [-0.2198129  -0.29488832] 12
reach goal [-0.18662786 -0.336042  ] 12
reach goal [-0.20481344 -0.3156197 ] 12
reach goal [-0.21057935 -0.30519804] 12
reach goal [-0.21999711 -0.29458842] 12
reach goal [-0.21972296 -0.29424533] 12
reach goal [-0.20459843 -0.31684345] 12
reach goal [-0.23246495 -0.27704683] 12
reach goal [-0.22484483 -0.2870323 ] 12
reach goal [-0.19414127 -0.32385147] 12
reach goal [-0.21919636 -0.29435116] 12
avg reward:  -24.28

Process finished with exit code 0
